5
2,8,8,2
1 2 3 4 5 6 7 8
8 7 6 5 4 3 2 1
1 1
2 9999
3 1
4 1
5 1
6 0
7 -20
8 1
204 -79
120 124
2,8,8,2
1 2 3 4 5 6 7 8
8 7 6 5 4 3 2 1
1 1
2 20
3 1
4 1
5 1
6 0
7 9999
8 1
204 -79
120 124
8,2,2,8
1 1
2 20
3 1
4 1
5 1
6 9999
7 -20
8 1
1 2 3 4 5 6 7 8
8 7 6 5 4 3 2 1
9 9 9 9 9 9 9 9
162 144 126 108 90 72 54 36
11 13 15 17 19 21 23 25
12 15 18 21 24 27 30 33
13 17 21 25 29 33 37 41
6 12 18 24 30 36 42 48
-153 -126 -99 -72 -45 -18 9 36
16 23 30 37 44 51 58 65
8,2,2,8
1 1
2 20
3 1
4 1
9999 1
6 0
7 -20
8 1
1 2 3 4 5 6 7 8
8 7 6 5 4 3 2 1
9 9 9 9 9 9 9 9
162 144 126 108 90 72 54 36
11 13 15 17 19 21 23 25
12 15 18 21 24 27 30 33
13 17 21 25 29 33 37 41
6 12 18 24 30 36 42 48
-153 -126 -99 -72 -45 -18 9 36
16 23 30 37 44 51 58 65
8,2,2,8
1 1
2 20
3 1
4 1
5 1
6 0
7 -20
8 1
1 2 3 4 5 6 7 8
8 7 6 9999 4 3 2 1
9 9 9 9 9 9 9 9
162 144 126 108 90 72 54 36
11 13 15 17 19 21 23 25
12 15 18 21 24 27 30 33
13 17 21 25 29 33 37 41
6 12 18 24 30 36 42 48
-153 -126 -99 -72 -45 -18 9 36
16 23 30 37 44 51 58 65